215 259
2 22 22
1 1

1 1 22 44 INV
2 1 0 44 45 AND
1 1 0 46 INV
2 1 22 46 47 AND
1 1 23 48 INV
1 1 47 49 INV
2 1 48 49 50 AND
2 1 1 50 51 AND
2 1 45 51 52 XOR
1 1 1 53 INV
1 1 45 54 INV
2 1 53 54 55 AND
2 1 23 55 56 AND
2 1 47 56 57 XOR
1 1 24 58 INV
1 1 57 59 INV
2 1 58 59 60 AND
2 1 2 60 61 AND
2 1 52 61 62 XOR
1 1 2 63 INV
1 1 52 64 INV
2 1 63 64 65 AND
2 1 24 65 66 AND
2 1 57 66 67 XOR
1 1 25 68 INV
1 1 67 69 INV
2 1 68 69 70 AND
2 1 3 70 71 AND
2 1 62 71 72 XOR
1 1 3 73 INV
1 1 62 74 INV
2 1 73 74 75 AND
2 1 25 75 76 AND
2 1 67 76 77 XOR
1 1 26 78 INV
1 1 77 79 INV
2 1 78 79 80 AND
2 1 4 80 81 AND
2 1 72 81 82 XOR
1 1 4 83 INV
1 1 72 84 INV
2 1 83 84 85 AND
2 1 26 85 86 AND
2 1 77 86 87 XOR
1 1 27 88 INV
1 1 87 89 INV
2 1 88 89 90 AND
2 1 5 90 91 AND
2 1 82 91 92 XOR
1 1 5 93 INV
1 1 82 94 INV
2 1 93 94 95 AND
2 1 27 95 96 AND
2 1 87 96 97 XOR
1 1 28 98 INV
1 1 97 99 INV
2 1 98 99 100 AND
2 1 6 100 101 AND
2 1 92 101 102 XOR
1 1 6 103 INV
1 1 92 104 INV
2 1 103 104 105 AND
2 1 28 105 106 AND
2 1 97 106 107 XOR
1 1 29 108 INV
1 1 107 109 INV
2 1 108 109 110 AND
2 1 7 110 111 AND
2 1 102 111 112 XOR
1 1 7 113 INV
1 1 102 114 INV
2 1 113 114 115 AND
2 1 29 115 116 AND
2 1 107 116 117 XOR
1 1 30 118 INV
1 1 117 119 INV
2 1 118 119 120 AND
2 1 8 120 121 AND
2 1 112 121 122 XOR
1 1 8 123 INV
1 1 112 124 INV
2 1 123 124 125 AND
2 1 30 125 126 AND
2 1 117 126 127 XOR
1 1 31 128 INV
1 1 127 129 INV
2 1 128 129 130 AND
2 1 9 130 131 AND
2 1 122 131 132 XOR
1 1 9 133 INV
1 1 122 134 INV
2 1 133 134 135 AND
2 1 31 135 136 AND
2 1 127 136 137 XOR
1 1 32 138 INV
1 1 137 139 INV
2 1 138 139 140 AND
2 1 10 140 141 AND
2 1 132 141 142 XOR
1 1 10 143 INV
1 1 132 144 INV
2 1 143 144 145 AND
2 1 32 145 146 AND
2 1 137 146 147 XOR
1 1 33 148 INV
1 1 147 149 INV
2 1 148 149 150 AND
2 1 11 150 151 AND
2 1 142 151 152 XOR
1 1 11 153 INV
1 1 142 154 INV
2 1 153 154 155 AND
2 1 33 155 156 AND
2 1 147 156 157 XOR
1 1 34 158 INV
1 1 157 159 INV
2 1 158 159 160 AND
2 1 12 160 161 AND
2 1 152 161 162 XOR
1 1 12 163 INV
1 1 152 164 INV
2 1 163 164 165 AND
2 1 34 165 166 AND
2 1 157 166 167 XOR
1 1 35 168 INV
1 1 167 169 INV
2 1 168 169 170 AND
2 1 13 170 171 AND
2 1 162 171 172 XOR
1 1 13 173 INV
1 1 162 174 INV
2 1 173 174 175 AND
2 1 35 175 176 AND
2 1 167 176 177 XOR
1 1 36 178 INV
1 1 177 179 INV
2 1 178 179 180 AND
2 1 14 180 181 AND
2 1 172 181 182 XOR
1 1 14 183 INV
1 1 172 184 INV
2 1 183 184 185 AND
2 1 36 185 186 AND
2 1 177 186 187 XOR
1 1 37 188 INV
1 1 187 189 INV
2 1 188 189 190 AND
2 1 15 190 191 AND
2 1 182 191 192 XOR
1 1 15 193 INV
1 1 182 194 INV
2 1 193 194 195 AND
2 1 37 195 196 AND
2 1 187 196 197 XOR
1 1 38 198 INV
1 1 197 199 INV
2 1 198 199 200 AND
2 1 16 200 201 AND
2 1 192 201 202 XOR
1 1 16 203 INV
1 1 192 204 INV
2 1 203 204 205 AND
2 1 38 205 206 AND
2 1 197 206 207 XOR
1 1 39 208 INV
1 1 207 209 INV
2 1 208 209 210 AND
2 1 17 210 211 AND
2 1 202 211 212 XOR
1 1 17 213 INV
1 1 202 214 INV
2 1 213 214 215 AND
2 1 39 215 216 AND
2 1 207 216 217 XOR
1 1 40 218 INV
1 1 217 219 INV
2 1 218 219 220 AND
2 1 18 220 221 AND
2 1 212 221 222 XOR
1 1 18 223 INV
1 1 212 224 INV
2 1 223 224 225 AND
2 1 40 225 226 AND
2 1 217 226 227 XOR
1 1 41 228 INV
1 1 227 229 INV
2 1 228 229 230 AND
2 1 19 230 231 AND
2 1 222 231 232 XOR
1 1 19 233 INV
1 1 222 234 INV
2 1 233 234 235 AND
2 1 41 235 236 AND
2 1 227 236 237 XOR
1 1 42 238 INV
1 1 237 239 INV
2 1 238 239 240 AND
2 1 20 240 241 AND
2 1 232 241 242 XOR
1 1 20 243 INV
1 1 232 244 INV
2 1 243 244 245 AND
2 1 42 245 246 AND
2 1 237 246 247 XOR
1 1 43 248 INV
1 1 247 249 INV
2 1 248 249 250 AND
2 1 21 250 251 AND
2 1 242 251 252 XOR
1 1 21 253 INV
1 1 242 254 INV
2 1 253 254 255 AND
2 1 43 255 256 AND
2 1 247 256 257 XOR
1 1 252 258 EQW
