33 47
2 7 7
1 1

1 1 7 14 INV
2 1 0 14 15 AND
1 1 8 16 INV
2 1 1 16 17 AND
2 1 15 17 18 AND
2 1 15 17 19 xor
2 1 18 19 20 XOR
1 1 9 21 INV
2 1 2 21 22 AND
2 1 20 22 23 AND
2 1 20 22 24 xor
2 1 23 24 25 XOR
1 1 10 26 INV
2 1 3 26 27 AND
2 1 25 27 28 AND
2 1 25 27 29 xor
2 1 28 29 30 XOR
1 1 11 31 INV
2 1 4 31 32 AND
2 1 30 32 33 AND
2 1 30 32 34 xor
2 1 33 34 35 XOR
1 1 12 36 INV
2 1 5 36 37 AND
2 1 35 37 38 AND
2 1 35 37 39 xor
2 1 38 39 40 XOR
1 1 13 41 INV
2 1 6 41 42 AND
2 1 40 42 43 AND
2 1 40 42 44 xor
2 1 43 44 45 XOR
1 1 45 46 EQW
