103 145
2 21 21
1 1

1 1 21 42 INV
2 1 0 42 43 AND
1 1 22 44 INV
2 1 1 44 45 AND
2 1 43 45 46 AND
2 1 43 45 47 xor
2 1 46 47 48 XOR
1 1 23 49 INV
2 1 2 49 50 AND
2 1 48 50 51 AND
2 1 48 50 52 xor
2 1 51 52 53 XOR
1 1 24 54 INV
2 1 3 54 55 AND
2 1 53 55 56 AND
2 1 53 55 57 xor
2 1 56 57 58 XOR
1 1 25 59 INV
2 1 4 59 60 AND
2 1 58 60 61 AND
2 1 58 60 62 xor
2 1 61 62 63 XOR
1 1 26 64 INV
2 1 5 64 65 AND
2 1 63 65 66 AND
2 1 63 65 67 xor
2 1 66 67 68 XOR
1 1 27 69 INV
2 1 6 69 70 AND
2 1 68 70 71 AND
2 1 68 70 72 xor
2 1 71 72 73 XOR
1 1 28 74 INV
2 1 7 74 75 AND
2 1 73 75 76 AND
2 1 73 75 77 xor
2 1 76 77 78 XOR
1 1 29 79 INV
2 1 8 79 80 AND
2 1 78 80 81 AND
2 1 78 80 82 xor
2 1 81 82 83 XOR
1 1 30 84 INV
2 1 9 84 85 AND
2 1 83 85 86 AND
2 1 83 85 87 xor
2 1 86 87 88 XOR
1 1 31 89 INV
2 1 10 89 90 AND
2 1 88 90 91 AND
2 1 88 90 92 xor
2 1 91 92 93 XOR
1 1 32 94 INV
2 1 11 94 95 AND
2 1 93 95 96 AND
2 1 93 95 97 xor
2 1 96 97 98 XOR
1 1 33 99 INV
2 1 12 99 100 AND
2 1 98 100 101 AND
2 1 98 100 102 xor
2 1 101 102 103 XOR
1 1 34 104 INV
2 1 13 104 105 AND
2 1 103 105 106 AND
2 1 103 105 107 xor
2 1 106 107 108 XOR
1 1 35 109 INV
2 1 14 109 110 AND
2 1 108 110 111 AND
2 1 108 110 112 xor
2 1 111 112 113 XOR
1 1 36 114 INV
2 1 15 114 115 AND
2 1 113 115 116 AND
2 1 113 115 117 xor
2 1 116 117 118 XOR
1 1 37 119 INV
2 1 16 119 120 AND
2 1 118 120 121 AND
2 1 118 120 122 xor
2 1 121 122 123 XOR
1 1 38 124 INV
2 1 17 124 125 AND
2 1 123 125 126 AND
2 1 123 125 127 xor
2 1 126 127 128 XOR
1 1 39 129 INV
2 1 18 129 130 AND
2 1 128 130 131 AND
2 1 128 130 132 xor
2 1 131 132 133 XOR
1 1 40 134 INV
2 1 19 134 135 AND
2 1 133 135 136 AND
2 1 133 135 137 xor
2 1 136 137 138 XOR
1 1 41 139 INV
2 1 20 139 140 AND
2 1 138 140 141 AND
2 1 138 140 142 xor
2 1 141 142 143 XOR
1 1 143 144 EQW
