105 127
2 11 11
1 1

1 1 11 22 INV
2 1 0 22 23 AND
1 1 0 24 INV
2 1 11 24 25 AND
1 1 12 26 INV
1 1 25 27 INV
2 1 26 27 28 AND
2 1 1 28 29 AND
2 1 23 29 30 XOR
1 1 1 31 INV
1 1 23 32 INV
2 1 31 32 33 AND
2 1 12 33 34 AND
2 1 25 34 35 XOR
1 1 13 36 INV
1 1 35 37 INV
2 1 36 37 38 AND
2 1 2 38 39 AND
2 1 30 39 40 XOR
1 1 2 41 INV
1 1 30 42 INV
2 1 41 42 43 AND
2 1 13 43 44 AND
2 1 35 44 45 XOR
1 1 14 46 INV
1 1 45 47 INV
2 1 46 47 48 AND
2 1 3 48 49 AND
2 1 40 49 50 XOR
1 1 3 51 INV
1 1 40 52 INV
2 1 51 52 53 AND
2 1 14 53 54 AND
2 1 45 54 55 XOR
1 1 15 56 INV
1 1 55 57 INV
2 1 56 57 58 AND
2 1 4 58 59 AND
2 1 50 59 60 XOR
1 1 4 61 INV
1 1 50 62 INV
2 1 61 62 63 AND
2 1 15 63 64 AND
2 1 55 64 65 XOR
1 1 16 66 INV
1 1 65 67 INV
2 1 66 67 68 AND
2 1 5 68 69 AND
2 1 60 69 70 XOR
1 1 5 71 INV
1 1 60 72 INV
2 1 71 72 73 AND
2 1 16 73 74 AND
2 1 65 74 75 XOR
1 1 17 76 INV
1 1 75 77 INV
2 1 76 77 78 AND
2 1 6 78 79 AND
2 1 70 79 80 XOR
1 1 6 81 INV
1 1 70 82 INV
2 1 81 82 83 AND
2 1 17 83 84 AND
2 1 75 84 85 XOR
1 1 18 86 INV
1 1 85 87 INV
2 1 86 87 88 AND
2 1 7 88 89 AND
2 1 80 89 90 XOR
1 1 7 91 INV
1 1 80 92 INV
2 1 91 92 93 AND
2 1 18 93 94 AND
2 1 85 94 95 XOR
1 1 19 96 INV
1 1 95 97 INV
2 1 96 97 98 AND
2 1 8 98 99 AND
2 1 90 99 100 XOR
1 1 8 101 INV
1 1 90 102 INV
2 1 101 102 103 AND
2 1 19 103 104 AND
2 1 95 104 105 XOR
1 1 20 106 INV
1 1 105 107 INV
2 1 106 107 108 AND
2 1 9 108 109 AND
2 1 100 109 110 XOR
1 1 9 111 INV
1 1 100 112 INV
2 1 111 112 113 AND
2 1 20 113 114 AND
2 1 105 114 115 XOR
1 1 21 116 INV
1 1 115 117 INV
2 1 116 117 118 AND
2 1 10 118 119 AND
2 1 110 119 120 XOR
1 1 10 121 INV
1 1 110 122 INV
2 1 121 122 123 AND
2 1 21 123 124 AND
2 1 115 124 125 XOR
1 1 120 126 EQW
