85 103
2 9 9
1 1

1 1 9 18 INV
2 1 0 18 19 AND
1 1 0 20 INV
2 1 9 20 21 AND
1 1 10 22 INV
1 1 21 23 INV
2 1 22 23 24 AND
2 1 1 24 25 AND
2 1 19 25 26 XOR
1 1 1 27 INV
1 1 19 28 INV
2 1 27 28 29 AND
2 1 10 29 30 AND
2 1 21 30 31 XOR
1 1 11 32 INV
1 1 31 33 INV
2 1 32 33 34 AND
2 1 2 34 35 AND
2 1 26 35 36 XOR
1 1 2 37 INV
1 1 26 38 INV
2 1 37 38 39 AND
2 1 11 39 40 AND
2 1 31 40 41 XOR
1 1 12 42 INV
1 1 41 43 INV
2 1 42 43 44 AND
2 1 3 44 45 AND
2 1 36 45 46 XOR
1 1 3 47 INV
1 1 36 48 INV
2 1 47 48 49 AND
2 1 12 49 50 AND
2 1 41 50 51 XOR
1 1 13 52 INV
1 1 51 53 INV
2 1 52 53 54 AND
2 1 4 54 55 AND
2 1 46 55 56 XOR
1 1 4 57 INV
1 1 46 58 INV
2 1 57 58 59 AND
2 1 13 59 60 AND
2 1 51 60 61 XOR
1 1 14 62 INV
1 1 61 63 INV
2 1 62 63 64 AND
2 1 5 64 65 AND
2 1 56 65 66 XOR
1 1 5 67 INV
1 1 56 68 INV
2 1 67 68 69 AND
2 1 14 69 70 AND
2 1 61 70 71 XOR
1 1 15 72 INV
1 1 71 73 INV
2 1 72 73 74 AND
2 1 6 74 75 AND
2 1 66 75 76 XOR
1 1 6 77 INV
1 1 66 78 INV
2 1 77 78 79 AND
2 1 15 79 80 AND
2 1 71 80 81 XOR
1 1 16 82 INV
1 1 81 83 INV
2 1 82 83 84 AND
2 1 7 84 85 AND
2 1 76 85 86 XOR
1 1 7 87 INV
1 1 76 88 INV
2 1 87 88 89 AND
2 1 16 89 90 AND
2 1 81 90 91 XOR
1 1 17 92 INV
1 1 91 93 INV
2 1 92 93 94 AND
2 1 8 94 95 AND
2 1 86 95 96 XOR
1 1 8 97 INV
1 1 86 98 INV
2 1 97 98 99 AND
2 1 17 99 100 AND
2 1 91 100 101 XOR
1 1 96 102 EQW
