63 89
2 13 13
1 1

1 1 13 26 INV
2 1 0 26 27 AND
1 1 14 28 INV
2 1 1 28 29 AND
2 1 27 29 30 AND
2 1 27 29 31 xor
2 1 30 31 32 XOR
1 1 15 33 INV
2 1 2 33 34 AND
2 1 32 34 35 AND
2 1 32 34 36 xor
2 1 35 36 37 XOR
1 1 16 38 INV
2 1 3 38 39 AND
2 1 37 39 40 AND
2 1 37 39 41 xor
2 1 40 41 42 XOR
1 1 17 43 INV
2 1 4 43 44 AND
2 1 42 44 45 AND
2 1 42 44 46 xor
2 1 45 46 47 XOR
1 1 18 48 INV
2 1 5 48 49 AND
2 1 47 49 50 AND
2 1 47 49 51 xor
2 1 50 51 52 XOR
1 1 19 53 INV
2 1 6 53 54 AND
2 1 52 54 55 AND
2 1 52 54 56 xor
2 1 55 56 57 XOR
1 1 20 58 INV
2 1 7 58 59 AND
2 1 57 59 60 AND
2 1 57 59 61 xor
2 1 60 61 62 XOR
1 1 21 63 INV
2 1 8 63 64 AND
2 1 62 64 65 AND
2 1 62 64 66 xor
2 1 65 66 67 XOR
1 1 22 68 INV
2 1 9 68 69 AND
2 1 67 69 70 AND
2 1 67 69 71 xor
2 1 70 71 72 XOR
1 1 23 73 INV
2 1 10 73 74 AND
2 1 72 74 75 AND
2 1 72 74 76 xor
2 1 75 76 77 XOR
1 1 24 78 INV
2 1 11 78 79 AND
2 1 77 79 80 AND
2 1 77 79 81 xor
2 1 80 81 82 XOR
1 1 25 83 INV
2 1 12 83 84 AND
2 1 82 84 85 AND
2 1 82 84 86 xor
2 1 85 86 87 XOR
1 1 87 88 EQW
