73 103
2 15 15
1 1

1 1 15 30 INV
2 1 0 30 31 AND
1 1 16 32 INV
2 1 1 32 33 AND
2 1 31 33 34 AND
2 1 31 33 35 xor
2 1 34 35 36 XOR
1 1 17 37 INV
2 1 2 37 38 AND
2 1 36 38 39 AND
2 1 36 38 40 xor
2 1 39 40 41 XOR
1 1 18 42 INV
2 1 3 42 43 AND
2 1 41 43 44 AND
2 1 41 43 45 xor
2 1 44 45 46 XOR
1 1 19 47 INV
2 1 4 47 48 AND
2 1 46 48 49 AND
2 1 46 48 50 xor
2 1 49 50 51 XOR
1 1 20 52 INV
2 1 5 52 53 AND
2 1 51 53 54 AND
2 1 51 53 55 xor
2 1 54 55 56 XOR
1 1 21 57 INV
2 1 6 57 58 AND
2 1 56 58 59 AND
2 1 56 58 60 xor
2 1 59 60 61 XOR
1 1 22 62 INV
2 1 7 62 63 AND
2 1 61 63 64 AND
2 1 61 63 65 xor
2 1 64 65 66 XOR
1 1 23 67 INV
2 1 8 67 68 AND
2 1 66 68 69 AND
2 1 66 68 70 xor
2 1 69 70 71 XOR
1 1 24 72 INV
2 1 9 72 73 AND
2 1 71 73 74 AND
2 1 71 73 75 xor
2 1 74 75 76 XOR
1 1 25 77 INV
2 1 10 77 78 AND
2 1 76 78 79 AND
2 1 76 78 80 xor
2 1 79 80 81 XOR
1 1 26 82 INV
2 1 11 82 83 AND
2 1 81 83 84 AND
2 1 81 83 85 xor
2 1 84 85 86 XOR
1 1 27 87 INV
2 1 12 87 88 AND
2 1 86 88 89 AND
2 1 86 88 90 xor
2 1 89 90 91 XOR
1 1 28 92 INV
2 1 13 92 93 AND
2 1 91 93 94 AND
2 1 91 93 95 xor
2 1 94 95 96 XOR
1 1 29 97 INV
2 1 14 97 98 AND
2 1 96 98 99 AND
2 1 96 98 100 xor
2 1 99 100 101 XOR
1 1 101 102 EQW
