225 271
2 23 23
1 1

1 1 23 46 INV
2 1 0 46 47 AND
1 1 0 48 INV
2 1 23 48 49 AND
1 1 24 50 INV
1 1 49 51 INV
2 1 50 51 52 AND
2 1 1 52 53 AND
2 1 47 53 54 XOR
1 1 1 55 INV
1 1 47 56 INV
2 1 55 56 57 AND
2 1 24 57 58 AND
2 1 49 58 59 XOR
1 1 25 60 INV
1 1 59 61 INV
2 1 60 61 62 AND
2 1 2 62 63 AND
2 1 54 63 64 XOR
1 1 2 65 INV
1 1 54 66 INV
2 1 65 66 67 AND
2 1 25 67 68 AND
2 1 59 68 69 XOR
1 1 26 70 INV
1 1 69 71 INV
2 1 70 71 72 AND
2 1 3 72 73 AND
2 1 64 73 74 XOR
1 1 3 75 INV
1 1 64 76 INV
2 1 75 76 77 AND
2 1 26 77 78 AND
2 1 69 78 79 XOR
1 1 27 80 INV
1 1 79 81 INV
2 1 80 81 82 AND
2 1 4 82 83 AND
2 1 74 83 84 XOR
1 1 4 85 INV
1 1 74 86 INV
2 1 85 86 87 AND
2 1 27 87 88 AND
2 1 79 88 89 XOR
1 1 28 90 INV
1 1 89 91 INV
2 1 90 91 92 AND
2 1 5 92 93 AND
2 1 84 93 94 XOR
1 1 5 95 INV
1 1 84 96 INV
2 1 95 96 97 AND
2 1 28 97 98 AND
2 1 89 98 99 XOR
1 1 29 100 INV
1 1 99 101 INV
2 1 100 101 102 AND
2 1 6 102 103 AND
2 1 94 103 104 XOR
1 1 6 105 INV
1 1 94 106 INV
2 1 105 106 107 AND
2 1 29 107 108 AND
2 1 99 108 109 XOR
1 1 30 110 INV
1 1 109 111 INV
2 1 110 111 112 AND
2 1 7 112 113 AND
2 1 104 113 114 XOR
1 1 7 115 INV
1 1 104 116 INV
2 1 115 116 117 AND
2 1 30 117 118 AND
2 1 109 118 119 XOR
1 1 31 120 INV
1 1 119 121 INV
2 1 120 121 122 AND
2 1 8 122 123 AND
2 1 114 123 124 XOR
1 1 8 125 INV
1 1 114 126 INV
2 1 125 126 127 AND
2 1 31 127 128 AND
2 1 119 128 129 XOR
1 1 32 130 INV
1 1 129 131 INV
2 1 130 131 132 AND
2 1 9 132 133 AND
2 1 124 133 134 XOR
1 1 9 135 INV
1 1 124 136 INV
2 1 135 136 137 AND
2 1 32 137 138 AND
2 1 129 138 139 XOR
1 1 33 140 INV
1 1 139 141 INV
2 1 140 141 142 AND
2 1 10 142 143 AND
2 1 134 143 144 XOR
1 1 10 145 INV
1 1 134 146 INV
2 1 145 146 147 AND
2 1 33 147 148 AND
2 1 139 148 149 XOR
1 1 34 150 INV
1 1 149 151 INV
2 1 150 151 152 AND
2 1 11 152 153 AND
2 1 144 153 154 XOR
1 1 11 155 INV
1 1 144 156 INV
2 1 155 156 157 AND
2 1 34 157 158 AND
2 1 149 158 159 XOR
1 1 35 160 INV
1 1 159 161 INV
2 1 160 161 162 AND
2 1 12 162 163 AND
2 1 154 163 164 XOR
1 1 12 165 INV
1 1 154 166 INV
2 1 165 166 167 AND
2 1 35 167 168 AND
2 1 159 168 169 XOR
1 1 36 170 INV
1 1 169 171 INV
2 1 170 171 172 AND
2 1 13 172 173 AND
2 1 164 173 174 XOR
1 1 13 175 INV
1 1 164 176 INV
2 1 175 176 177 AND
2 1 36 177 178 AND
2 1 169 178 179 XOR
1 1 37 180 INV
1 1 179 181 INV
2 1 180 181 182 AND
2 1 14 182 183 AND
2 1 174 183 184 XOR
1 1 14 185 INV
1 1 174 186 INV
2 1 185 186 187 AND
2 1 37 187 188 AND
2 1 179 188 189 XOR
1 1 38 190 INV
1 1 189 191 INV
2 1 190 191 192 AND
2 1 15 192 193 AND
2 1 184 193 194 XOR
1 1 15 195 INV
1 1 184 196 INV
2 1 195 196 197 AND
2 1 38 197 198 AND
2 1 189 198 199 XOR
1 1 39 200 INV
1 1 199 201 INV
2 1 200 201 202 AND
2 1 16 202 203 AND
2 1 194 203 204 XOR
1 1 16 205 INV
1 1 194 206 INV
2 1 205 206 207 AND
2 1 39 207 208 AND
2 1 199 208 209 XOR
1 1 40 210 INV
1 1 209 211 INV
2 1 210 211 212 AND
2 1 17 212 213 AND
2 1 204 213 214 XOR
1 1 17 215 INV
1 1 204 216 INV
2 1 215 216 217 AND
2 1 40 217 218 AND
2 1 209 218 219 XOR
1 1 41 220 INV
1 1 219 221 INV
2 1 220 221 222 AND
2 1 18 222 223 AND
2 1 214 223 224 XOR
1 1 18 225 INV
1 1 214 226 INV
2 1 225 226 227 AND
2 1 41 227 228 AND
2 1 219 228 229 XOR
1 1 42 230 INV
1 1 229 231 INV
2 1 230 231 232 AND
2 1 19 232 233 AND
2 1 224 233 234 XOR
1 1 19 235 INV
1 1 224 236 INV
2 1 235 236 237 AND
2 1 42 237 238 AND
2 1 229 238 239 XOR
1 1 43 240 INV
1 1 239 241 INV
2 1 240 241 242 AND
2 1 20 242 243 AND
2 1 234 243 244 XOR
1 1 20 245 INV
1 1 234 246 INV
2 1 245 246 247 AND
2 1 43 247 248 AND
2 1 239 248 249 XOR
1 1 44 250 INV
1 1 249 251 INV
2 1 250 251 252 AND
2 1 21 252 253 AND
2 1 244 253 254 XOR
1 1 21 255 INV
1 1 244 256 INV
2 1 255 256 257 AND
2 1 44 257 258 AND
2 1 249 258 259 XOR
1 1 45 260 INV
1 1 259 261 INV
2 1 260 261 262 AND
2 1 22 262 263 AND
2 1 254 263 264 XOR
1 1 22 265 INV
1 1 254 266 INV
2 1 265 266 267 AND
2 1 45 267 268 AND
2 1 259 268 269 XOR
1 1 264 270 EQW
