153 215
2 31 31
1 1

1 1 31 62 INV
2 1 0 62 63 AND
1 1 32 64 INV
2 1 1 64 65 AND
2 1 63 65 66 AND
2 1 63 65 67 xor
2 1 66 67 68 XOR
1 1 33 69 INV
2 1 2 69 70 AND
2 1 68 70 71 AND
2 1 68 70 72 xor
2 1 71 72 73 XOR
1 1 34 74 INV
2 1 3 74 75 AND
2 1 73 75 76 AND
2 1 73 75 77 xor
2 1 76 77 78 XOR
1 1 35 79 INV
2 1 4 79 80 AND
2 1 78 80 81 AND
2 1 78 80 82 xor
2 1 81 82 83 XOR
1 1 36 84 INV
2 1 5 84 85 AND
2 1 83 85 86 AND
2 1 83 85 87 xor
2 1 86 87 88 XOR
1 1 37 89 INV
2 1 6 89 90 AND
2 1 88 90 91 AND
2 1 88 90 92 xor
2 1 91 92 93 XOR
1 1 38 94 INV
2 1 7 94 95 AND
2 1 93 95 96 AND
2 1 93 95 97 xor
2 1 96 97 98 XOR
1 1 39 99 INV
2 1 8 99 100 AND
2 1 98 100 101 AND
2 1 98 100 102 xor
2 1 101 102 103 XOR
1 1 40 104 INV
2 1 9 104 105 AND
2 1 103 105 106 AND
2 1 103 105 107 xor
2 1 106 107 108 XOR
1 1 41 109 INV
2 1 10 109 110 AND
2 1 108 110 111 AND
2 1 108 110 112 xor
2 1 111 112 113 XOR
1 1 42 114 INV
2 1 11 114 115 AND
2 1 113 115 116 AND
2 1 113 115 117 xor
2 1 116 117 118 XOR
1 1 43 119 INV
2 1 12 119 120 AND
2 1 118 120 121 AND
2 1 118 120 122 xor
2 1 121 122 123 XOR
1 1 44 124 INV
2 1 13 124 125 AND
2 1 123 125 126 AND
2 1 123 125 127 xor
2 1 126 127 128 XOR
1 1 45 129 INV
2 1 14 129 130 AND
2 1 128 130 131 AND
2 1 128 130 132 xor
2 1 131 132 133 XOR
1 1 46 134 INV
2 1 15 134 135 AND
2 1 133 135 136 AND
2 1 133 135 137 xor
2 1 136 137 138 XOR
1 1 47 139 INV
2 1 16 139 140 AND
2 1 138 140 141 AND
2 1 138 140 142 xor
2 1 141 142 143 XOR
1 1 48 144 INV
2 1 17 144 145 AND
2 1 143 145 146 AND
2 1 143 145 147 xor
2 1 146 147 148 XOR
1 1 49 149 INV
2 1 18 149 150 AND
2 1 148 150 151 AND
2 1 148 150 152 xor
2 1 151 152 153 XOR
1 1 50 154 INV
2 1 19 154 155 AND
2 1 153 155 156 AND
2 1 153 155 157 xor
2 1 156 157 158 XOR
1 1 51 159 INV
2 1 20 159 160 AND
2 1 158 160 161 AND
2 1 158 160 162 xor
2 1 161 162 163 XOR
1 1 52 164 INV
2 1 21 164 165 AND
2 1 163 165 166 AND
2 1 163 165 167 xor
2 1 166 167 168 XOR
1 1 53 169 INV
2 1 22 169 170 AND
2 1 168 170 171 AND
2 1 168 170 172 xor
2 1 171 172 173 XOR
1 1 54 174 INV
2 1 23 174 175 AND
2 1 173 175 176 AND
2 1 173 175 177 xor
2 1 176 177 178 XOR
1 1 55 179 INV
2 1 24 179 180 AND
2 1 178 180 181 AND
2 1 178 180 182 xor
2 1 181 182 183 XOR
1 1 56 184 INV
2 1 25 184 185 AND
2 1 183 185 186 AND
2 1 183 185 187 xor
2 1 186 187 188 XOR
1 1 57 189 INV
2 1 26 189 190 AND
2 1 188 190 191 AND
2 1 188 190 192 xor
2 1 191 192 193 XOR
1 1 58 194 INV
2 1 27 194 195 AND
2 1 193 195 196 AND
2 1 193 195 197 xor
2 1 196 197 198 XOR
1 1 59 199 INV
2 1 28 199 200 AND
2 1 198 200 201 AND
2 1 198 200 202 xor
2 1 201 202 203 XOR
1 1 60 204 INV
2 1 29 204 205 AND
2 1 203 205 206 AND
2 1 203 205 207 xor
2 1 206 207 208 XOR
1 1 61 209 INV
2 1 30 209 210 AND
2 1 208 210 211 AND
2 1 208 210 212 xor
2 1 211 212 213 XOR
1 1 213 214 EQW
