143 201
2 29 29
1 1

1 1 29 58 INV
2 1 0 58 59 AND
1 1 30 60 INV
2 1 1 60 61 AND
2 1 59 61 62 AND
2 1 59 61 63 XOR
2 1 62 63 64 XOR
1 1 31 65 INV
2 1 2 65 66 AND
2 1 64 66 67 AND
2 1 64 66 68 XOR
2 1 67 68 69 XOR
1 1 32 70 INV
2 1 3 70 71 AND
2 1 69 71 72 AND
2 1 69 71 73 XOR
2 1 72 73 74 XOR
1 1 33 75 INV
2 1 4 75 76 AND
2 1 74 76 77 AND
2 1 74 76 78 XOR
2 1 77 78 79 XOR
1 1 34 80 INV
2 1 5 80 81 AND
2 1 79 81 82 AND
2 1 79 81 83 XOR
2 1 82 83 84 XOR
1 1 35 85 INV
2 1 6 85 86 AND
2 1 84 86 87 AND
2 1 84 86 88 XOR
2 1 87 88 89 XOR
1 1 36 90 INV
2 1 7 90 91 AND
2 1 89 91 92 AND
2 1 89 91 93 XOR
2 1 92 93 94 XOR
1 1 37 95 INV
2 1 8 95 96 AND
2 1 94 96 97 AND
2 1 94 96 98 XOR
2 1 97 98 99 XOR
1 1 38 100 INV
2 1 9 100 101 AND
2 1 99 101 102 AND
2 1 99 101 103 XOR
2 1 102 103 104 XOR
1 1 39 105 INV
2 1 10 105 106 AND
2 1 104 106 107 AND
2 1 104 106 108 XOR
2 1 107 108 109 XOR
1 1 40 110 INV
2 1 11 110 111 AND
2 1 109 111 112 AND
2 1 109 111 113 XOR
2 1 112 113 114 XOR
1 1 41 115 INV
2 1 12 115 116 AND
2 1 114 116 117 AND
2 1 114 116 118 XOR
2 1 117 118 119 XOR
1 1 42 120 INV
2 1 13 120 121 AND
2 1 119 121 122 AND
2 1 119 121 123 XOR
2 1 122 123 124 XOR
1 1 43 125 INV
2 1 14 125 126 AND
2 1 124 126 127 AND
2 1 124 126 128 XOR
2 1 127 128 129 XOR
1 1 44 130 INV
2 1 15 130 131 AND
2 1 129 131 132 AND
2 1 129 131 133 XOR
2 1 132 133 134 XOR
1 1 45 135 INV
2 1 16 135 136 AND
2 1 134 136 137 AND
2 1 134 136 138 XOR
2 1 137 138 139 XOR
1 1 46 140 INV
2 1 17 140 141 AND
2 1 139 141 142 AND
2 1 139 141 143 XOR
2 1 142 143 144 XOR
1 1 47 145 INV
2 1 18 145 146 AND
2 1 144 146 147 AND
2 1 144 146 148 XOR
2 1 147 148 149 XOR
1 1 48 150 INV
2 1 19 150 151 AND
2 1 149 151 152 AND
2 1 149 151 153 XOR
2 1 152 153 154 XOR
1 1 49 155 INV
2 1 20 155 156 AND
2 1 154 156 157 AND
2 1 154 156 158 XOR
2 1 157 158 159 XOR
1 1 50 160 INV
2 1 21 160 161 AND
2 1 159 161 162 AND
2 1 159 161 163 XOR
2 1 162 163 164 XOR
1 1 51 165 INV
2 1 22 165 166 AND
2 1 164 166 167 AND
2 1 164 166 168 XOR
2 1 167 168 169 XOR
1 1 52 170 INV
2 1 23 170 171 AND
2 1 169 171 172 AND
2 1 169 171 173 XOR
2 1 172 173 174 XOR
1 1 53 175 INV
2 1 24 175 176 AND
2 1 174 176 177 AND
2 1 174 176 178 XOR
2 1 177 178 179 XOR
1 1 54 180 INV
2 1 25 180 181 AND
2 1 179 181 182 AND
2 1 179 181 183 XOR
2 1 182 183 184 XOR
1 1 55 185 INV
2 1 26 185 186 AND
2 1 184 186 187 AND
2 1 184 186 188 XOR
2 1 187 188 189 XOR
1 1 56 190 INV
2 1 27 190 191 AND
2 1 189 191 192 AND
2 1 189 191 193 XOR
2 1 192 193 194 XOR
1 1 57 195 INV
2 1 28 195 196 AND
2 1 194 196 197 AND
2 1 194 196 198 XOR
2 1 197 198 199 XOR
1 1 199 200 EQW
