195 235
2 20 20
1 1

1 1 20 40 INV
2 1 0 40 41 AND
1 1 0 42 INV
2 1 20 42 43 AND
1 1 21 44 INV
1 1 43 45 INV
2 1 44 45 46 AND
2 1 1 46 47 AND
2 1 41 47 48 XOR
1 1 1 49 INV
1 1 41 50 INV
2 1 49 50 51 AND
2 1 21 51 52 AND
2 1 43 52 53 XOR
1 1 22 54 INV
1 1 53 55 INV
2 1 54 55 56 AND
2 1 2 56 57 AND
2 1 48 57 58 XOR
1 1 2 59 INV
1 1 48 60 INV
2 1 59 60 61 AND
2 1 22 61 62 AND
2 1 53 62 63 XOR
1 1 23 64 INV
1 1 63 65 INV
2 1 64 65 66 AND
2 1 3 66 67 AND
2 1 58 67 68 XOR
1 1 3 69 INV
1 1 58 70 INV
2 1 69 70 71 AND
2 1 23 71 72 AND
2 1 63 72 73 XOR
1 1 24 74 INV
1 1 73 75 INV
2 1 74 75 76 AND
2 1 4 76 77 AND
2 1 68 77 78 XOR
1 1 4 79 INV
1 1 68 80 INV
2 1 79 80 81 AND
2 1 24 81 82 AND
2 1 73 82 83 XOR
1 1 25 84 INV
1 1 83 85 INV
2 1 84 85 86 AND
2 1 5 86 87 AND
2 1 78 87 88 XOR
1 1 5 89 INV
1 1 78 90 INV
2 1 89 90 91 AND
2 1 25 91 92 AND
2 1 83 92 93 XOR
1 1 26 94 INV
1 1 93 95 INV
2 1 94 95 96 AND
2 1 6 96 97 AND
2 1 88 97 98 XOR
1 1 6 99 INV
1 1 88 100 INV
2 1 99 100 101 AND
2 1 26 101 102 AND
2 1 93 102 103 XOR
1 1 27 104 INV
1 1 103 105 INV
2 1 104 105 106 AND
2 1 7 106 107 AND
2 1 98 107 108 XOR
1 1 7 109 INV
1 1 98 110 INV
2 1 109 110 111 AND
2 1 27 111 112 AND
2 1 103 112 113 XOR
1 1 28 114 INV
1 1 113 115 INV
2 1 114 115 116 AND
2 1 8 116 117 AND
2 1 108 117 118 XOR
1 1 8 119 INV
1 1 108 120 INV
2 1 119 120 121 AND
2 1 28 121 122 AND
2 1 113 122 123 XOR
1 1 29 124 INV
1 1 123 125 INV
2 1 124 125 126 AND
2 1 9 126 127 AND
2 1 118 127 128 XOR
1 1 9 129 INV
1 1 118 130 INV
2 1 129 130 131 AND
2 1 29 131 132 AND
2 1 123 132 133 XOR
1 1 30 134 INV
1 1 133 135 INV
2 1 134 135 136 AND
2 1 10 136 137 AND
2 1 128 137 138 XOR
1 1 10 139 INV
1 1 128 140 INV
2 1 139 140 141 AND
2 1 30 141 142 AND
2 1 133 142 143 XOR
1 1 31 144 INV
1 1 143 145 INV
2 1 144 145 146 AND
2 1 11 146 147 AND
2 1 138 147 148 XOR
1 1 11 149 INV
1 1 138 150 INV
2 1 149 150 151 AND
2 1 31 151 152 AND
2 1 143 152 153 XOR
1 1 32 154 INV
1 1 153 155 INV
2 1 154 155 156 AND
2 1 12 156 157 AND
2 1 148 157 158 XOR
1 1 12 159 INV
1 1 148 160 INV
2 1 159 160 161 AND
2 1 32 161 162 AND
2 1 153 162 163 XOR
1 1 33 164 INV
1 1 163 165 INV
2 1 164 165 166 AND
2 1 13 166 167 AND
2 1 158 167 168 XOR
1 1 13 169 INV
1 1 158 170 INV
2 1 169 170 171 AND
2 1 33 171 172 AND
2 1 163 172 173 XOR
1 1 34 174 INV
1 1 173 175 INV
2 1 174 175 176 AND
2 1 14 176 177 AND
2 1 168 177 178 XOR
1 1 14 179 INV
1 1 168 180 INV
2 1 179 180 181 AND
2 1 34 181 182 AND
2 1 173 182 183 XOR
1 1 35 184 INV
1 1 183 185 INV
2 1 184 185 186 AND
2 1 15 186 187 AND
2 1 178 187 188 XOR
1 1 15 189 INV
1 1 178 190 INV
2 1 189 190 191 AND
2 1 35 191 192 AND
2 1 183 192 193 XOR
1 1 36 194 INV
1 1 193 195 INV
2 1 194 195 196 AND
2 1 16 196 197 AND
2 1 188 197 198 XOR
1 1 16 199 INV
1 1 188 200 INV
2 1 199 200 201 AND
2 1 36 201 202 AND
2 1 193 202 203 XOR
1 1 37 204 INV
1 1 203 205 INV
2 1 204 205 206 AND
2 1 17 206 207 AND
2 1 198 207 208 XOR
1 1 17 209 INV
1 1 198 210 INV
2 1 209 210 211 AND
2 1 37 211 212 AND
2 1 203 212 213 XOR
1 1 38 214 INV
1 1 213 215 INV
2 1 214 215 216 AND
2 1 18 216 217 AND
2 1 208 217 218 XOR
1 1 18 219 INV
1 1 208 220 INV
2 1 219 220 221 AND
2 1 38 221 222 AND
2 1 213 222 223 XOR
1 1 39 224 INV
1 1 223 225 INV
2 1 224 225 226 AND
2 1 19 226 227 AND
2 1 218 227 228 XOR
1 1 19 229 INV
1 1 218 230 INV
2 1 229 230 231 AND
2 1 39 231 232 AND
2 1 223 232 233 XOR
1 1 228 234 EQW
