118 166
2 24 24
1 1

1 1 24 48 INV
2 1 0 48 49 AND
1 1 25 50 INV
2 1 1 50 51 AND
2 1 49 51 52 AND
2 1 49 51 53 XOR
2 1 52 53 54 XOR
1 1 26 55 INV
2 1 2 55 56 AND
2 1 54 56 57 AND
2 1 54 56 58 XOR
2 1 57 58 59 XOR
1 1 27 60 INV
2 1 3 60 61 AND
2 1 59 61 62 AND
2 1 59 61 63 XOR
2 1 62 63 64 XOR
1 1 28 65 INV
2 1 4 65 66 AND
2 1 64 66 67 AND
2 1 64 66 68 XOR
2 1 67 68 69 XOR
1 1 29 70 INV
2 1 5 70 71 AND
2 1 69 71 72 AND
2 1 69 71 73 XOR
2 1 72 73 74 XOR
1 1 30 75 INV
2 1 6 75 76 AND
2 1 74 76 77 AND
2 1 74 76 78 XOR
2 1 77 78 79 XOR
1 1 31 80 INV
2 1 7 80 81 AND
2 1 79 81 82 AND
2 1 79 81 83 XOR
2 1 82 83 84 XOR
1 1 32 85 INV
2 1 8 85 86 AND
2 1 84 86 87 AND
2 1 84 86 88 XOR
2 1 87 88 89 XOR
1 1 33 90 INV
2 1 9 90 91 AND
2 1 89 91 92 AND
2 1 89 91 93 XOR
2 1 92 93 94 XOR
1 1 34 95 INV
2 1 10 95 96 AND
2 1 94 96 97 AND
2 1 94 96 98 XOR
2 1 97 98 99 XOR
1 1 35 100 INV
2 1 11 100 101 AND
2 1 99 101 102 AND
2 1 99 101 103 XOR
2 1 102 103 104 XOR
1 1 36 105 INV
2 1 12 105 106 AND
2 1 104 106 107 AND
2 1 104 106 108 XOR
2 1 107 108 109 XOR
1 1 37 110 INV
2 1 13 110 111 AND
2 1 109 111 112 AND
2 1 109 111 113 XOR
2 1 112 113 114 XOR
1 1 38 115 INV
2 1 14 115 116 AND
2 1 114 116 117 AND
2 1 114 116 118 XOR
2 1 117 118 119 XOR
1 1 39 120 INV
2 1 15 120 121 AND
2 1 119 121 122 AND
2 1 119 121 123 XOR
2 1 122 123 124 XOR
1 1 40 125 INV
2 1 16 125 126 AND
2 1 124 126 127 AND
2 1 124 126 128 XOR
2 1 127 128 129 XOR
1 1 41 130 INV
2 1 17 130 131 AND
2 1 129 131 132 AND
2 1 129 131 133 XOR
2 1 132 133 134 XOR
1 1 42 135 INV
2 1 18 135 136 AND
2 1 134 136 137 AND
2 1 134 136 138 XOR
2 1 137 138 139 XOR
1 1 43 140 INV
2 1 19 140 141 AND
2 1 139 141 142 AND
2 1 139 141 143 XOR
2 1 142 143 144 XOR
1 1 44 145 INV
2 1 20 145 146 AND
2 1 144 146 147 AND
2 1 144 146 148 XOR
2 1 147 148 149 XOR
1 1 45 150 INV
2 1 21 150 151 AND
2 1 149 151 152 AND
2 1 149 151 153 XOR
2 1 152 153 154 XOR
1 1 46 155 INV
2 1 22 155 156 AND
2 1 154 156 157 AND
2 1 154 156 158 XOR
2 1 157 158 159 XOR
1 1 47 160 INV
2 1 23 160 161 AND
2 1 159 161 162 AND
2 1 159 161 163 XOR
2 1 162 163 164 XOR
1 1 164 165 EQW
