135 163
2 14 14
1 1

1 1 14 28 INV
2 1 0 28 29 AND
1 1 0 30 INV
2 1 14 30 31 AND
1 1 15 32 INV
1 1 31 33 INV
2 1 32 33 34 AND
2 1 1 34 35 AND
2 1 29 35 36 XOR
1 1 1 37 INV
1 1 29 38 INV
2 1 37 38 39 AND
2 1 15 39 40 AND
2 1 31 40 41 XOR
1 1 16 42 INV
1 1 41 43 INV
2 1 42 43 44 AND
2 1 2 44 45 AND
2 1 36 45 46 XOR
1 1 2 47 INV
1 1 36 48 INV
2 1 47 48 49 AND
2 1 16 49 50 AND
2 1 41 50 51 XOR
1 1 17 52 INV
1 1 51 53 INV
2 1 52 53 54 AND
2 1 3 54 55 AND
2 1 46 55 56 XOR
1 1 3 57 INV
1 1 46 58 INV
2 1 57 58 59 AND
2 1 17 59 60 AND
2 1 51 60 61 XOR
1 1 18 62 INV
1 1 61 63 INV
2 1 62 63 64 AND
2 1 4 64 65 AND
2 1 56 65 66 XOR
1 1 4 67 INV
1 1 56 68 INV
2 1 67 68 69 AND
2 1 18 69 70 AND
2 1 61 70 71 XOR
1 1 19 72 INV
1 1 71 73 INV
2 1 72 73 74 AND
2 1 5 74 75 AND
2 1 66 75 76 XOR
1 1 5 77 INV
1 1 66 78 INV
2 1 77 78 79 AND
2 1 19 79 80 AND
2 1 71 80 81 XOR
1 1 20 82 INV
1 1 81 83 INV
2 1 82 83 84 AND
2 1 6 84 85 AND
2 1 76 85 86 XOR
1 1 6 87 INV
1 1 76 88 INV
2 1 87 88 89 AND
2 1 20 89 90 AND
2 1 81 90 91 XOR
1 1 21 92 INV
1 1 91 93 INV
2 1 92 93 94 AND
2 1 7 94 95 AND
2 1 86 95 96 XOR
1 1 7 97 INV
1 1 86 98 INV
2 1 97 98 99 AND
2 1 21 99 100 AND
2 1 91 100 101 XOR
1 1 22 102 INV
1 1 101 103 INV
2 1 102 103 104 AND
2 1 8 104 105 AND
2 1 96 105 106 XOR
1 1 8 107 INV
1 1 96 108 INV
2 1 107 108 109 AND
2 1 22 109 110 AND
2 1 101 110 111 XOR
1 1 23 112 INV
1 1 111 113 INV
2 1 112 113 114 AND
2 1 9 114 115 AND
2 1 106 115 116 XOR
1 1 9 117 INV
1 1 106 118 INV
2 1 117 118 119 AND
2 1 23 119 120 AND
2 1 111 120 121 XOR
1 1 24 122 INV
1 1 121 123 INV
2 1 122 123 124 AND
2 1 10 124 125 AND
2 1 116 125 126 XOR
1 1 10 127 INV
1 1 116 128 INV
2 1 127 128 129 AND
2 1 24 129 130 AND
2 1 121 130 131 XOR
1 1 25 132 INV
1 1 131 133 INV
2 1 132 133 134 AND
2 1 11 134 135 AND
2 1 126 135 136 XOR
1 1 11 137 INV
1 1 126 138 INV
2 1 137 138 139 AND
2 1 25 139 140 AND
2 1 131 140 141 XOR
1 1 26 142 INV
1 1 141 143 INV
2 1 142 143 144 AND
2 1 12 144 145 AND
2 1 136 145 146 XOR
1 1 12 147 INV
1 1 136 148 INV
2 1 147 148 149 AND
2 1 26 149 150 AND
2 1 141 150 151 XOR
1 1 27 152 INV
1 1 151 153 INV
2 1 152 153 154 AND
2 1 13 154 155 AND
2 1 146 155 156 XOR
1 1 13 157 INV
1 1 146 158 INV
2 1 157 158 159 AND
2 1 27 159 160 AND
2 1 151 160 161 XOR
1 1 156 162 EQW
