158 222
2 32 32
1 1

1 1 32 64 INV
2 1 0 64 65 AND
1 1 33 66 INV
2 1 1 66 67 AND
2 1 65 67 68 AND
2 1 65 67 69 XOR
2 1 68 69 70 XOR
1 1 34 71 INV
2 1 2 71 72 AND
2 1 70 72 73 AND
2 1 70 72 74 XOR
2 1 73 74 75 XOR
1 1 35 76 INV
2 1 3 76 77 AND
2 1 75 77 78 AND
2 1 75 77 79 XOR
2 1 78 79 80 XOR
1 1 36 81 INV
2 1 4 81 82 AND
2 1 80 82 83 AND
2 1 80 82 84 XOR
2 1 83 84 85 XOR
1 1 37 86 INV
2 1 5 86 87 AND
2 1 85 87 88 AND
2 1 85 87 89 XOR
2 1 88 89 90 XOR
1 1 38 91 INV
2 1 6 91 92 AND
2 1 90 92 93 AND
2 1 90 92 94 XOR
2 1 93 94 95 XOR
1 1 39 96 INV
2 1 7 96 97 AND
2 1 95 97 98 AND
2 1 95 97 99 XOR
2 1 98 99 100 XOR
1 1 40 101 INV
2 1 8 101 102 AND
2 1 100 102 103 AND
2 1 100 102 104 XOR
2 1 103 104 105 XOR
1 1 41 106 INV
2 1 9 106 107 AND
2 1 105 107 108 AND
2 1 105 107 109 XOR
2 1 108 109 110 XOR
1 1 42 111 INV
2 1 10 111 112 AND
2 1 110 112 113 AND
2 1 110 112 114 XOR
2 1 113 114 115 XOR
1 1 43 116 INV
2 1 11 116 117 AND
2 1 115 117 118 AND
2 1 115 117 119 XOR
2 1 118 119 120 XOR
1 1 44 121 INV
2 1 12 121 122 AND
2 1 120 122 123 AND
2 1 120 122 124 XOR
2 1 123 124 125 XOR
1 1 45 126 INV
2 1 13 126 127 AND
2 1 125 127 128 AND
2 1 125 127 129 XOR
2 1 128 129 130 XOR
1 1 46 131 INV
2 1 14 131 132 AND
2 1 130 132 133 AND
2 1 130 132 134 XOR
2 1 133 134 135 XOR
1 1 47 136 INV
2 1 15 136 137 AND
2 1 135 137 138 AND
2 1 135 137 139 XOR
2 1 138 139 140 XOR
1 1 48 141 INV
2 1 16 141 142 AND
2 1 140 142 143 AND
2 1 140 142 144 XOR
2 1 143 144 145 XOR
1 1 49 146 INV
2 1 17 146 147 AND
2 1 145 147 148 AND
2 1 145 147 149 XOR
2 1 148 149 150 XOR
1 1 50 151 INV
2 1 18 151 152 AND
2 1 150 152 153 AND
2 1 150 152 154 XOR
2 1 153 154 155 XOR
1 1 51 156 INV
2 1 19 156 157 AND
2 1 155 157 158 AND
2 1 155 157 159 XOR
2 1 158 159 160 XOR
1 1 52 161 INV
2 1 20 161 162 AND
2 1 160 162 163 AND
2 1 160 162 164 XOR
2 1 163 164 165 XOR
1 1 53 166 INV
2 1 21 166 167 AND
2 1 165 167 168 AND
2 1 165 167 169 XOR
2 1 168 169 170 XOR
1 1 54 171 INV
2 1 22 171 172 AND
2 1 170 172 173 AND
2 1 170 172 174 XOR
2 1 173 174 175 XOR
1 1 55 176 INV
2 1 23 176 177 AND
2 1 175 177 178 AND
2 1 175 177 179 XOR
2 1 178 179 180 XOR
1 1 56 181 INV
2 1 24 181 182 AND
2 1 180 182 183 AND
2 1 180 182 184 XOR
2 1 183 184 185 XOR
1 1 57 186 INV
2 1 25 186 187 AND
2 1 185 187 188 AND
2 1 185 187 189 XOR
2 1 188 189 190 XOR
1 1 58 191 INV
2 1 26 191 192 AND
2 1 190 192 193 AND
2 1 190 192 194 XOR
2 1 193 194 195 XOR
1 1 59 196 INV
2 1 27 196 197 AND
2 1 195 197 198 AND
2 1 195 197 199 XOR
2 1 198 199 200 XOR
1 1 60 201 INV
2 1 28 201 202 AND
2 1 200 202 203 AND
2 1 200 202 204 XOR
2 1 203 204 205 XOR
1 1 61 206 INV
2 1 29 206 207 AND
2 1 205 207 208 AND
2 1 205 207 209 XOR
2 1 208 209 210 XOR
1 1 62 211 INV
2 1 30 211 212 AND
2 1 210 212 213 AND
2 1 210 212 214 XOR
2 1 213 214 215 XOR
1 1 63 216 INV
2 1 31 216 217 AND
2 1 215 217 218 AND
2 1 215 217 219 XOR
2 1 218 219 220 XOR
1 1 220 221 EQW
