88 124
2 18 18
1 1

1 1 18 36 INV
2 1 0 36 37 AND
1 1 19 38 INV
2 1 1 38 39 AND
2 1 37 39 40 AND
2 1 37 39 41 XOR
2 1 40 41 42 XOR
1 1 20 43 INV
2 1 2 43 44 AND
2 1 42 44 45 AND
2 1 42 44 46 XOR
2 1 45 46 47 XOR
1 1 21 48 INV
2 1 3 48 49 AND
2 1 47 49 50 AND
2 1 47 49 51 XOR
2 1 50 51 52 XOR
1 1 22 53 INV
2 1 4 53 54 AND
2 1 52 54 55 AND
2 1 52 54 56 XOR
2 1 55 56 57 XOR
1 1 23 58 INV
2 1 5 58 59 AND
2 1 57 59 60 AND
2 1 57 59 61 XOR
2 1 60 61 62 XOR
1 1 24 63 INV
2 1 6 63 64 AND
2 1 62 64 65 AND
2 1 62 64 66 XOR
2 1 65 66 67 XOR
1 1 25 68 INV
2 1 7 68 69 AND
2 1 67 69 70 AND
2 1 67 69 71 XOR
2 1 70 71 72 XOR
1 1 26 73 INV
2 1 8 73 74 AND
2 1 72 74 75 AND
2 1 72 74 76 XOR
2 1 75 76 77 XOR
1 1 27 78 INV
2 1 9 78 79 AND
2 1 77 79 80 AND
2 1 77 79 81 XOR
2 1 80 81 82 XOR
1 1 28 83 INV
2 1 10 83 84 AND
2 1 82 84 85 AND
2 1 82 84 86 XOR
2 1 85 86 87 XOR
1 1 29 88 INV
2 1 11 88 89 AND
2 1 87 89 90 AND
2 1 87 89 91 XOR
2 1 90 91 92 XOR
1 1 30 93 INV
2 1 12 93 94 AND
2 1 92 94 95 AND
2 1 92 94 96 XOR
2 1 95 96 97 XOR
1 1 31 98 INV
2 1 13 98 99 AND
2 1 97 99 100 AND
2 1 97 99 101 XOR
2 1 100 101 102 XOR
1 1 32 103 INV
2 1 14 103 104 AND
2 1 102 104 105 AND
2 1 102 104 106 XOR
2 1 105 106 107 XOR
1 1 33 108 INV
2 1 15 108 109 AND
2 1 107 109 110 AND
2 1 107 109 111 XOR
2 1 110 111 112 XOR
1 1 34 113 INV
2 1 16 113 114 AND
2 1 112 114 115 AND
2 1 112 114 116 XOR
2 1 115 116 117 XOR
1 1 35 118 INV
2 1 17 118 119 AND
2 1 117 119 120 AND
2 1 117 119 121 XOR
2 1 120 121 122 XOR
1 1 122 123 EQW
