48 68
2 10 10
1 1

1 1 10 20 INV
2 1 0 20 21 AND
1 1 11 22 INV
2 1 1 22 23 AND
2 1 21 23 24 AND
2 1 21 23 25 XOR
2 1 24 25 26 XOR
1 1 12 27 INV
2 1 2 27 28 AND
2 1 26 28 29 AND
2 1 26 28 30 XOR
2 1 29 30 31 XOR
1 1 13 32 INV
2 1 3 32 33 AND
2 1 31 33 34 AND
2 1 31 33 35 XOR
2 1 34 35 36 XOR
1 1 14 37 INV
2 1 4 37 38 AND
2 1 36 38 39 AND
2 1 36 38 40 XOR
2 1 39 40 41 XOR
1 1 15 42 INV
2 1 5 42 43 AND
2 1 41 43 44 AND
2 1 41 43 45 XOR
2 1 44 45 46 XOR
1 1 16 47 INV
2 1 6 47 48 AND
2 1 46 48 49 AND
2 1 46 48 50 XOR
2 1 49 50 51 XOR
1 1 17 52 INV
2 1 7 52 53 AND
2 1 51 53 54 AND
2 1 51 53 55 XOR
2 1 54 55 56 XOR
1 1 18 57 INV
2 1 8 57 58 AND
2 1 56 58 59 AND
2 1 56 58 60 XOR
2 1 59 60 61 XOR
1 1 19 62 INV
2 1 9 62 63 AND
2 1 61 63 64 AND
2 1 61 63 65 XOR
2 1 64 65 66 XOR
1 1 66 67 EQW
