133 187
2 27 27
1 1

1 1 27 54 INV
2 1 0 54 55 AND
1 1 28 56 INV
2 1 1 56 57 AND
2 1 55 57 58 AND
2 1 55 57 59 xor
2 1 58 59 60 XOR
1 1 29 61 INV
2 1 2 61 62 AND
2 1 60 62 63 AND
2 1 60 62 64 xor
2 1 63 64 65 XOR
1 1 30 66 INV
2 1 3 66 67 AND
2 1 65 67 68 AND
2 1 65 67 69 xor
2 1 68 69 70 XOR
1 1 31 71 INV
2 1 4 71 72 AND
2 1 70 72 73 AND
2 1 70 72 74 xor
2 1 73 74 75 XOR
1 1 32 76 INV
2 1 5 76 77 AND
2 1 75 77 78 AND
2 1 75 77 79 xor
2 1 78 79 80 XOR
1 1 33 81 INV
2 1 6 81 82 AND
2 1 80 82 83 AND
2 1 80 82 84 xor
2 1 83 84 85 XOR
1 1 34 86 INV
2 1 7 86 87 AND
2 1 85 87 88 AND
2 1 85 87 89 xor
2 1 88 89 90 XOR
1 1 35 91 INV
2 1 8 91 92 AND
2 1 90 92 93 AND
2 1 90 92 94 xor
2 1 93 94 95 XOR
1 1 36 96 INV
2 1 9 96 97 AND
2 1 95 97 98 AND
2 1 95 97 99 xor
2 1 98 99 100 XOR
1 1 37 101 INV
2 1 10 101 102 AND
2 1 100 102 103 AND
2 1 100 102 104 xor
2 1 103 104 105 XOR
1 1 38 106 INV
2 1 11 106 107 AND
2 1 105 107 108 AND
2 1 105 107 109 xor
2 1 108 109 110 XOR
1 1 39 111 INV
2 1 12 111 112 AND
2 1 110 112 113 AND
2 1 110 112 114 xor
2 1 113 114 115 XOR
1 1 40 116 INV
2 1 13 116 117 AND
2 1 115 117 118 AND
2 1 115 117 119 xor
2 1 118 119 120 XOR
1 1 41 121 INV
2 1 14 121 122 AND
2 1 120 122 123 AND
2 1 120 122 124 xor
2 1 123 124 125 XOR
1 1 42 126 INV
2 1 15 126 127 AND
2 1 125 127 128 AND
2 1 125 127 129 xor
2 1 128 129 130 XOR
1 1 43 131 INV
2 1 16 131 132 AND
2 1 130 132 133 AND
2 1 130 132 134 xor
2 1 133 134 135 XOR
1 1 44 136 INV
2 1 17 136 137 AND
2 1 135 137 138 AND
2 1 135 137 139 xor
2 1 138 139 140 XOR
1 1 45 141 INV
2 1 18 141 142 AND
2 1 140 142 143 AND
2 1 140 142 144 xor
2 1 143 144 145 XOR
1 1 46 146 INV
2 1 19 146 147 AND
2 1 145 147 148 AND
2 1 145 147 149 xor
2 1 148 149 150 XOR
1 1 47 151 INV
2 1 20 151 152 AND
2 1 150 152 153 AND
2 1 150 152 154 xor
2 1 153 154 155 XOR
1 1 48 156 INV
2 1 21 156 157 AND
2 1 155 157 158 AND
2 1 155 157 159 xor
2 1 158 159 160 XOR
1 1 49 161 INV
2 1 22 161 162 AND
2 1 160 162 163 AND
2 1 160 162 164 xor
2 1 163 164 165 XOR
1 1 50 166 INV
2 1 23 166 167 AND
2 1 165 167 168 AND
2 1 165 167 169 xor
2 1 168 169 170 XOR
1 1 51 171 INV
2 1 24 171 172 AND
2 1 170 172 173 AND
2 1 170 172 174 xor
2 1 173 174 175 XOR
1 1 52 176 INV
2 1 25 176 177 AND
2 1 175 177 178 AND
2 1 175 177 179 xor
2 1 178 179 180 XOR
1 1 53 181 INV
2 1 26 181 182 AND
2 1 180 182 183 AND
2 1 180 182 184 xor
2 1 183 184 185 XOR
1 1 185 186 EQW
