78 110
2 16 16
1 1

1 1 16 32 INV
2 1 0 32 33 AND
1 1 17 34 INV
2 1 1 34 35 AND
2 1 33 35 36 AND
2 1 33 35 37 xor
2 1 36 37 38 XOR
1 1 18 39 INV
2 1 2 39 40 AND
2 1 38 40 41 AND
2 1 38 40 42 xor
2 1 41 42 43 XOR
1 1 19 44 INV
2 1 3 44 45 AND
2 1 43 45 46 AND
2 1 43 45 47 xor
2 1 46 47 48 XOR
1 1 20 49 INV
2 1 4 49 50 AND
2 1 48 50 51 AND
2 1 48 50 52 xor
2 1 51 52 53 XOR
1 1 21 54 INV
2 1 5 54 55 AND
2 1 53 55 56 AND
2 1 53 55 57 xor
2 1 56 57 58 XOR
1 1 22 59 INV
2 1 6 59 60 AND
2 1 58 60 61 AND
2 1 58 60 62 xor
2 1 61 62 63 XOR
1 1 23 64 INV
2 1 7 64 65 AND
2 1 63 65 66 AND
2 1 63 65 67 xor
2 1 66 67 68 XOR
1 1 24 69 INV
2 1 8 69 70 AND
2 1 68 70 71 AND
2 1 68 70 72 xor
2 1 71 72 73 XOR
1 1 25 74 INV
2 1 9 74 75 AND
2 1 73 75 76 AND
2 1 73 75 77 xor
2 1 76 77 78 XOR
1 1 26 79 INV
2 1 10 79 80 AND
2 1 78 80 81 AND
2 1 78 80 82 xor
2 1 81 82 83 XOR
1 1 27 84 INV
2 1 11 84 85 AND
2 1 83 85 86 AND
2 1 83 85 87 xor
2 1 86 87 88 XOR
1 1 28 89 INV
2 1 12 89 90 AND
2 1 88 90 91 AND
2 1 88 90 92 xor
2 1 91 92 93 XOR
1 1 29 94 INV
2 1 13 94 95 AND
2 1 93 95 96 AND
2 1 93 95 97 xor
2 1 96 97 98 XOR
1 1 30 99 INV
2 1 14 99 100 AND
2 1 98 100 101 AND
2 1 98 100 102 xor
2 1 101 102 103 XOR
1 1 31 104 INV
2 1 15 104 105 AND
2 1 103 105 106 AND
2 1 103 105 107 xor
2 1 106 107 108 XOR
1 1 108 109 EQW
