255 307
2 26 26
1 1

1 1 26 52 INV
2 1 0 52 53 AND
1 1 0 54 INV
2 1 26 54 55 AND
1 1 27 56 INV
1 1 55 57 INV
2 1 56 57 58 AND
2 1 1 58 59 AND
2 1 53 59 60 XOR
1 1 1 61 INV
1 1 53 62 INV
2 1 61 62 63 AND
2 1 27 63 64 AND
2 1 55 64 65 XOR
1 1 28 66 INV
1 1 65 67 INV
2 1 66 67 68 AND
2 1 2 68 69 AND
2 1 60 69 70 XOR
1 1 2 71 INV
1 1 60 72 INV
2 1 71 72 73 AND
2 1 28 73 74 AND
2 1 65 74 75 XOR
1 1 29 76 INV
1 1 75 77 INV
2 1 76 77 78 AND
2 1 3 78 79 AND
2 1 70 79 80 XOR
1 1 3 81 INV
1 1 70 82 INV
2 1 81 82 83 AND
2 1 29 83 84 AND
2 1 75 84 85 XOR
1 1 30 86 INV
1 1 85 87 INV
2 1 86 87 88 AND
2 1 4 88 89 AND
2 1 80 89 90 XOR
1 1 4 91 INV
1 1 80 92 INV
2 1 91 92 93 AND
2 1 30 93 94 AND
2 1 85 94 95 XOR
1 1 31 96 INV
1 1 95 97 INV
2 1 96 97 98 AND
2 1 5 98 99 AND
2 1 90 99 100 XOR
1 1 5 101 INV
1 1 90 102 INV
2 1 101 102 103 AND
2 1 31 103 104 AND
2 1 95 104 105 XOR
1 1 32 106 INV
1 1 105 107 INV
2 1 106 107 108 AND
2 1 6 108 109 AND
2 1 100 109 110 XOR
1 1 6 111 INV
1 1 100 112 INV
2 1 111 112 113 AND
2 1 32 113 114 AND
2 1 105 114 115 XOR
1 1 33 116 INV
1 1 115 117 INV
2 1 116 117 118 AND
2 1 7 118 119 AND
2 1 110 119 120 XOR
1 1 7 121 INV
1 1 110 122 INV
2 1 121 122 123 AND
2 1 33 123 124 AND
2 1 115 124 125 XOR
1 1 34 126 INV
1 1 125 127 INV
2 1 126 127 128 AND
2 1 8 128 129 AND
2 1 120 129 130 XOR
1 1 8 131 INV
1 1 120 132 INV
2 1 131 132 133 AND
2 1 34 133 134 AND
2 1 125 134 135 XOR
1 1 35 136 INV
1 1 135 137 INV
2 1 136 137 138 AND
2 1 9 138 139 AND
2 1 130 139 140 XOR
1 1 9 141 INV
1 1 130 142 INV
2 1 141 142 143 AND
2 1 35 143 144 AND
2 1 135 144 145 XOR
1 1 36 146 INV
1 1 145 147 INV
2 1 146 147 148 AND
2 1 10 148 149 AND
2 1 140 149 150 XOR
1 1 10 151 INV
1 1 140 152 INV
2 1 151 152 153 AND
2 1 36 153 154 AND
2 1 145 154 155 XOR
1 1 37 156 INV
1 1 155 157 INV
2 1 156 157 158 AND
2 1 11 158 159 AND
2 1 150 159 160 XOR
1 1 11 161 INV
1 1 150 162 INV
2 1 161 162 163 AND
2 1 37 163 164 AND
2 1 155 164 165 XOR
1 1 38 166 INV
1 1 165 167 INV
2 1 166 167 168 AND
2 1 12 168 169 AND
2 1 160 169 170 XOR
1 1 12 171 INV
1 1 160 172 INV
2 1 171 172 173 AND
2 1 38 173 174 AND
2 1 165 174 175 XOR
1 1 39 176 INV
1 1 175 177 INV
2 1 176 177 178 AND
2 1 13 178 179 AND
2 1 170 179 180 XOR
1 1 13 181 INV
1 1 170 182 INV
2 1 181 182 183 AND
2 1 39 183 184 AND
2 1 175 184 185 XOR
1 1 40 186 INV
1 1 185 187 INV
2 1 186 187 188 AND
2 1 14 188 189 AND
2 1 180 189 190 XOR
1 1 14 191 INV
1 1 180 192 INV
2 1 191 192 193 AND
2 1 40 193 194 AND
2 1 185 194 195 XOR
1 1 41 196 INV
1 1 195 197 INV
2 1 196 197 198 AND
2 1 15 198 199 AND
2 1 190 199 200 XOR
1 1 15 201 INV
1 1 190 202 INV
2 1 201 202 203 AND
2 1 41 203 204 AND
2 1 195 204 205 XOR
1 1 42 206 INV
1 1 205 207 INV
2 1 206 207 208 AND
2 1 16 208 209 AND
2 1 200 209 210 XOR
1 1 16 211 INV
1 1 200 212 INV
2 1 211 212 213 AND
2 1 42 213 214 AND
2 1 205 214 215 XOR
1 1 43 216 INV
1 1 215 217 INV
2 1 216 217 218 AND
2 1 17 218 219 AND
2 1 210 219 220 XOR
1 1 17 221 INV
1 1 210 222 INV
2 1 221 222 223 AND
2 1 43 223 224 AND
2 1 215 224 225 XOR
1 1 44 226 INV
1 1 225 227 INV
2 1 226 227 228 AND
2 1 18 228 229 AND
2 1 220 229 230 XOR
1 1 18 231 INV
1 1 220 232 INV
2 1 231 232 233 AND
2 1 44 233 234 AND
2 1 225 234 235 XOR
1 1 45 236 INV
1 1 235 237 INV
2 1 236 237 238 AND
2 1 19 238 239 AND
2 1 230 239 240 XOR
1 1 19 241 INV
1 1 230 242 INV
2 1 241 242 243 AND
2 1 45 243 244 AND
2 1 235 244 245 XOR
1 1 46 246 INV
1 1 245 247 INV
2 1 246 247 248 AND
2 1 20 248 249 AND
2 1 240 249 250 XOR
1 1 20 251 INV
1 1 240 252 INV
2 1 251 252 253 AND
2 1 46 253 254 AND
2 1 245 254 255 XOR
1 1 47 256 INV
1 1 255 257 INV
2 1 256 257 258 AND
2 1 21 258 259 AND
2 1 250 259 260 XOR
1 1 21 261 INV
1 1 250 262 INV
2 1 261 262 263 AND
2 1 47 263 264 AND
2 1 255 264 265 XOR
1 1 48 266 INV
1 1 265 267 INV
2 1 266 267 268 AND
2 1 22 268 269 AND
2 1 260 269 270 XOR
1 1 22 271 INV
1 1 260 272 INV
2 1 271 272 273 AND
2 1 48 273 274 AND
2 1 265 274 275 XOR
1 1 49 276 INV
1 1 275 277 INV
2 1 276 277 278 AND
2 1 23 278 279 AND
2 1 270 279 280 XOR
1 1 23 281 INV
1 1 270 282 INV
2 1 281 282 283 AND
2 1 49 283 284 AND
2 1 275 284 285 XOR
1 1 50 286 INV
1 1 285 287 INV
2 1 286 287 288 AND
2 1 24 288 289 AND
2 1 280 289 290 XOR
1 1 24 291 INV
1 1 280 292 INV
2 1 291 292 293 AND
2 1 50 293 294 AND
2 1 285 294 295 XOR
1 1 51 296 INV
1 1 295 297 INV
2 1 296 297 298 AND
2 1 25 298 299 AND
2 1 290 299 300 XOR
1 1 25 301 INV
1 1 290 302 INV
2 1 301 302 303 AND
2 1 51 303 304 AND
2 1 295 304 305 XOR
1 1 300 306 EQW
