93 131
2 19 19
1 1

1 1 19 38 INV
2 1 0 38 39 AND
1 1 20 40 INV
2 1 1 40 41 AND
2 1 39 41 42 AND
2 1 39 41 43 XOR
2 1 42 43 44 XOR
1 1 21 45 INV
2 1 2 45 46 AND
2 1 44 46 47 AND
2 1 44 46 48 XOR
2 1 47 48 49 XOR
1 1 22 50 INV
2 1 3 50 51 AND
2 1 49 51 52 AND
2 1 49 51 53 XOR
2 1 52 53 54 XOR
1 1 23 55 INV
2 1 4 55 56 AND
2 1 54 56 57 AND
2 1 54 56 58 XOR
2 1 57 58 59 XOR
1 1 24 60 INV
2 1 5 60 61 AND
2 1 59 61 62 AND
2 1 59 61 63 XOR
2 1 62 63 64 XOR
1 1 25 65 INV
2 1 6 65 66 AND
2 1 64 66 67 AND
2 1 64 66 68 XOR
2 1 67 68 69 XOR
1 1 26 70 INV
2 1 7 70 71 AND
2 1 69 71 72 AND
2 1 69 71 73 XOR
2 1 72 73 74 XOR
1 1 27 75 INV
2 1 8 75 76 AND
2 1 74 76 77 AND
2 1 74 76 78 XOR
2 1 77 78 79 XOR
1 1 28 80 INV
2 1 9 80 81 AND
2 1 79 81 82 AND
2 1 79 81 83 XOR
2 1 82 83 84 XOR
1 1 29 85 INV
2 1 10 85 86 AND
2 1 84 86 87 AND
2 1 84 86 88 XOR
2 1 87 88 89 XOR
1 1 30 90 INV
2 1 11 90 91 AND
2 1 89 91 92 AND
2 1 89 91 93 XOR
2 1 92 93 94 XOR
1 1 31 95 INV
2 1 12 95 96 AND
2 1 94 96 97 AND
2 1 94 96 98 XOR
2 1 97 98 99 XOR
1 1 32 100 INV
2 1 13 100 101 AND
2 1 99 101 102 AND
2 1 99 101 103 XOR
2 1 102 103 104 XOR
1 1 33 105 INV
2 1 14 105 106 AND
2 1 104 106 107 AND
2 1 104 106 108 XOR
2 1 107 108 109 XOR
1 1 34 110 INV
2 1 15 110 111 AND
2 1 109 111 112 AND
2 1 109 111 113 XOR
2 1 112 113 114 XOR
1 1 35 115 INV
2 1 16 115 116 AND
2 1 114 116 117 AND
2 1 114 116 118 XOR
2 1 117 118 119 XOR
1 1 36 120 INV
2 1 17 120 121 AND
2 1 119 121 122 AND
2 1 119 121 123 XOR
2 1 122 123 124 XOR
1 1 37 125 INV
2 1 18 125 126 AND
2 1 124 126 127 AND
2 1 124 126 128 XOR
2 1 127 128 129 XOR
1 1 129 130 EQW
