58 82
2 12 12
1 1

1 1 12 24 INV
2 1 0 24 25 AND
1 1 13 26 INV
2 1 1 26 27 AND
2 1 25 27 28 AND
2 1 25 27 29 xor
2 1 28 29 30 XOR
1 1 14 31 INV
2 1 2 31 32 AND
2 1 30 32 33 AND
2 1 30 32 34 xor
2 1 33 34 35 XOR
1 1 15 36 INV
2 1 3 36 37 AND
2 1 35 37 38 AND
2 1 35 37 39 xor
2 1 38 39 40 XOR
1 1 16 41 INV
2 1 4 41 42 AND
2 1 40 42 43 AND
2 1 40 42 44 xor
2 1 43 44 45 XOR
1 1 17 46 INV
2 1 5 46 47 AND
2 1 45 47 48 AND
2 1 45 47 49 xor
2 1 48 49 50 XOR
1 1 18 51 INV
2 1 6 51 52 AND
2 1 50 52 53 AND
2 1 50 52 54 xor
2 1 53 54 55 XOR
1 1 19 56 INV
2 1 7 56 57 AND
2 1 55 57 58 AND
2 1 55 57 59 xor
2 1 58 59 60 XOR
1 1 20 61 INV
2 1 8 61 62 AND
2 1 60 62 63 AND
2 1 60 62 64 xor
2 1 63 64 65 XOR
1 1 21 66 INV
2 1 9 66 67 AND
2 1 65 67 68 AND
2 1 65 67 69 xor
2 1 68 69 70 XOR
1 1 22 71 INV
2 1 10 71 72 AND
2 1 70 72 73 AND
2 1 70 72 74 xor
2 1 73 74 75 XOR
1 1 23 76 INV
2 1 11 76 77 AND
2 1 75 77 78 AND
2 1 75 77 79 xor
2 1 78 79 80 XOR
1 1 80 81 EQW
