38 54
2 8 8
1 1

1 1 8 16 INV
2 1 0 16 17 AND
1 1 9 18 INV
2 1 1 18 19 AND
2 1 17 19 20 AND
2 1 17 19 21 XOR
2 1 20 21 22 XOR
1 1 10 23 INV
2 1 2 23 24 AND
2 1 22 24 25 AND
2 1 22 24 26 XOR
2 1 25 26 27 XOR
1 1 11 28 INV
2 1 3 28 29 AND
2 1 27 29 30 AND
2 1 27 29 31 XOR
2 1 30 31 32 XOR
1 1 12 33 INV
2 1 4 33 34 AND
2 1 32 34 35 AND
2 1 32 34 36 XOR
2 1 35 36 37 XOR
1 1 13 38 INV
2 1 5 38 39 AND
2 1 37 39 40 AND
2 1 37 39 41 XOR
2 1 40 41 42 XOR
1 1 14 43 INV
2 1 6 43 44 AND
2 1 42 44 45 AND
2 1 42 44 46 XOR
2 1 45 46 47 XOR
1 1 15 48 INV
2 1 7 48 49 AND
2 1 47 49 50 AND
2 1 47 49 51 XOR
2 1 50 51 52 XOR
1 1 52 53 EQW
