123 173
2 25 25
1 1

1 1 25 50 INV
2 1 0 50 51 AND
1 1 26 52 INV
2 1 1 52 53 AND
2 1 51 53 54 AND
2 1 51 53 55 xor
2 1 54 55 56 XOR
1 1 27 57 INV
2 1 2 57 58 AND
2 1 56 58 59 AND
2 1 56 58 60 xor
2 1 59 60 61 XOR
1 1 28 62 INV
2 1 3 62 63 AND
2 1 61 63 64 AND
2 1 61 63 65 xor
2 1 64 65 66 XOR
1 1 29 67 INV
2 1 4 67 68 AND
2 1 66 68 69 AND
2 1 66 68 70 xor
2 1 69 70 71 XOR
1 1 30 72 INV
2 1 5 72 73 AND
2 1 71 73 74 AND
2 1 71 73 75 xor
2 1 74 75 76 XOR
1 1 31 77 INV
2 1 6 77 78 AND
2 1 76 78 79 AND
2 1 76 78 80 xor
2 1 79 80 81 XOR
1 1 32 82 INV
2 1 7 82 83 AND
2 1 81 83 84 AND
2 1 81 83 85 xor
2 1 84 85 86 XOR
1 1 33 87 INV
2 1 8 87 88 AND
2 1 86 88 89 AND
2 1 86 88 90 xor
2 1 89 90 91 XOR
1 1 34 92 INV
2 1 9 92 93 AND
2 1 91 93 94 AND
2 1 91 93 95 xor
2 1 94 95 96 XOR
1 1 35 97 INV
2 1 10 97 98 AND
2 1 96 98 99 AND
2 1 96 98 100 xor
2 1 99 100 101 XOR
1 1 36 102 INV
2 1 11 102 103 AND
2 1 101 103 104 AND
2 1 101 103 105 xor
2 1 104 105 106 XOR
1 1 37 107 INV
2 1 12 107 108 AND
2 1 106 108 109 AND
2 1 106 108 110 xor
2 1 109 110 111 XOR
1 1 38 112 INV
2 1 13 112 113 AND
2 1 111 113 114 AND
2 1 111 113 115 xor
2 1 114 115 116 XOR
1 1 39 117 INV
2 1 14 117 118 AND
2 1 116 118 119 AND
2 1 116 118 120 xor
2 1 119 120 121 XOR
1 1 40 122 INV
2 1 15 122 123 AND
2 1 121 123 124 AND
2 1 121 123 125 xor
2 1 124 125 126 XOR
1 1 41 127 INV
2 1 16 127 128 AND
2 1 126 128 129 AND
2 1 126 128 130 xor
2 1 129 130 131 XOR
1 1 42 132 INV
2 1 17 132 133 AND
2 1 131 133 134 AND
2 1 131 133 135 xor
2 1 134 135 136 XOR
1 1 43 137 INV
2 1 18 137 138 AND
2 1 136 138 139 AND
2 1 136 138 140 xor
2 1 139 140 141 XOR
1 1 44 142 INV
2 1 19 142 143 AND
2 1 141 143 144 AND
2 1 141 143 145 xor
2 1 144 145 146 XOR
1 1 45 147 INV
2 1 20 147 148 AND
2 1 146 148 149 AND
2 1 146 148 150 xor
2 1 149 150 151 XOR
1 1 46 152 INV
2 1 21 152 153 AND
2 1 151 153 154 AND
2 1 151 153 155 xor
2 1 154 155 156 XOR
1 1 47 157 INV
2 1 22 157 158 AND
2 1 156 158 159 AND
2 1 156 158 160 xor
2 1 159 160 161 XOR
1 1 48 162 INV
2 1 23 162 163 AND
2 1 161 163 164 AND
2 1 161 163 165 xor
2 1 164 165 166 XOR
1 1 49 167 INV
2 1 24 167 168 AND
2 1 166 168 169 AND
2 1 166 168 170 xor
2 1 169 170 171 XOR
1 1 171 172 EQW
